sample_no,set_name,input_token,output_token,total_token
0,test,163,610,773
1,test,161,4175,4336
0,test,163,610,773
1,test,161,2951,3112
0,test,163,792,955
1,test,174,2454,2628
2,test,146,3840,3986
3,test,136,418,554
4,test,123,252,375
5,test,157,835,992
6,test,148,292,440
7,test,123,324,447
8,test,140,444,584
9,test,138,740,878
10,test,140,351,491
11,test,155,1500,1655
12,test,143,568,711
13,test,131,355,486
14,test,149,1910,2059
15,test,113,468,581
16,test,183,1139,1322
17,test,132,380,512
18,test,120,337,457
19,test,147,422,569
20,test,136,798,934
21,test,157,519,676
22,test,149,3541,3690
23,test,132,534,666
24,test,156,478,634
25,test,135,663,798
26,test,146,476,622
27,test,127,570,697
28,test,166,2770,2936
29,test,198,1399,1597
30,test,213,914,1127
31,test,139,2176,2315
32,test,122,324,446
33,test,136,536,672
34,test,140,448,588
35,test,125,411,536
36,test,130,312,442
37,test,127,2672,2799
38,test,179,362,541
39,test,159,331,490
40,test,121,888,1009
41,test,140,355,495
42,test,132,426,558
43,test,146,292,438
44,test,132,1825,1957
45,test,123,571,694
46,test,152,504,656
47,test,143,358,501
48,test,130,533,663
49,test,111,314,425
50,test,238,782,1020
51,test,130,292,422
52,test,120,489,609
53,test,130,317,447
54,test,158,481,639
55,test,152,756,908
56,test,151,555,706
57,test,126,902,1028
58,test,143,478,621
59,test,149,992,1141
60,test,150,451,601
61,test,134,504,638
62,test,141,446,587
63,test,121,168,289
64,test,128,561,689
65,test,127,419,546
66,test,127,574,701
67,test,141,1074,1215
68,test,152,269,421
69,test,142,387,529
70,test,149,311,460
71,test,130,285,415
72,test,141,2394,2535
73,test,136,331,467
74,test,132,546,678
75,test,121,515,636
76,test,158,348,506
77,test,126,215,341
78,test,159,660,819
79,test,129,301,430
80,test,134,368,502
81,test,130,1080,1210
82,test,135,566,701
83,test,134,2080,2214
84,test,146,827,973
85,test,153,374,527
86,test,129,818,947
87,test,132,282,414
88,test,117,1225,1342
89,test,125,286,411
90,test,190,1431,1621
91,test,137,652,789
92,test,136,632,768
93,test,144,473,617
94,test,130,315,445
95,test,167,596,763
96,test,134,401,535
97,test,143,335,478
98,test,156,334,490
99,test,135,335,470
100,test,144,766,910
101,test,153,1229,1382
102,test,154,425,579
103,test,118,301,419
104,test,245,673,918
105,test,123,485,608
106,test,161,4678,4839
107,test,142,488,630
108,test,137,382,519
109,test,124,310,434
110,test,130,325,455
111,test,151,2088,2239
112,test,167,832,999
113,test,123,284,407
114,test,112,266,378
115,test,197,2531,2728
116,test,142,384,526
117,test,177,525,702
118,test,123,228,351
119,test,168,739,907
120,test,122,456,578
121,test,148,3931,4079
122,test,166,2359,2525
123,test,163,437,600
124,test,137,1770,1907
125,test,172,3140,3312
126,test,165,634,799
127,test,124,244,368
128,test,152,544,696
129,test,160,391,551
130,test,130,273,403
131,test,120,349,469
132,test,179,923,1102
133,test,138,1111,1249
134,test,111,704,815
136,test,115,516,631
137,test,144,415,559
138,test,134,675,809
139,test,124,419,543
140,test,144,534,678
141,test,124,503,627
142,test,149,577,726
143,test,179,2698,2877
144,test,133,551,684
145,test,158,531,689
146,test,145,314,459
147,test,153,410,563
148,test,119,380,499
149,test,155,1629,1784
150,test,143,284,427
151,test,138,343,481
152,test,136,1156,1292
153,test,148,412,560
154,test,116,245,361
155,test,127,609,736
156,test,123,227,350
157,test,159,1161,1320
158,test,141,433,574
159,test,265,1888,2153
160,test,173,4921,5094
161,test,146,318,464
162,test,144,2251,2395
163,test,121,270,391
164,test,144,4010,4154
165,test,135,433,568
166,test,154,465,619
167,test,153,391,544
168,test,122,295,417
169,test,124,348,472
170,test,130,4137,4267
171,test,158,327,485
172,test,149,1266,1415
173,test,135,501,636
174,test,146,1291,1437
175,test,128,393,521
176,test,138,1570,1708
177,test,144,1106,1250
178,test,136,1509,1645
179,test,134,438,572
180,test,146,598,744
181,test,137,2342,2479
182,test,124,742,866
183,test,113,383,496
184,test,150,637,787
185,test,149,738,887
186,test,275,650,925
187,test,144,384,528
188,test,160,573,733
189,test,148,358,506
190,test,140,351,491
191,test,149,412,561
192,test,139,1306,1445
193,test,128,569,697
194,test,136,365,501
195,test,129,241,370
196,test,137,357,494
197,test,174,724,898
198,test,176,435,611
199,test,129,332,461
200,test,157,1182,1339
201,test,135,779,914
202,test,147,300,447
203,test,203,1679,1882
204,test,126,478,604
205,test,128,737,865
206,test,143,648,791
207,test,139,660,799
208,test,135,1052,1187
209,test,176,6348,6524
210,test,133,297,430
211,test,152,516,668
212,test,203,1216,1419
213,test,121,1828,1949
214,test,125,362,487
215,test,147,965,1112
216,test,118,266,384
217,test,145,1236,1381
218,test,168,710,878
219,test,109,227,336
220,test,154,415,569
221,test,131,709,840
222,test,146,375,521
223,test,120,823,943
224,test,133,533,666
225,test,115,349,464
226,test,140,1023,1163
227,test,172,368,540
228,test,161,852,1013
229,test,160,594,754
230,test,142,394,536
231,test,124,464,588
232,test,119,444,563
233,test,133,895,1028
234,test,134,620,754
235,test,191,844,1035
236,test,123,378,501
237,test,145,1028,1173
238,test,145,383,528
239,test,127,327,454
240,test,154,735,889
241,test,116,927,1043
242,test,131,390,521
243,test,136,504,640
244,test,133,476,609
245,test,147,495,642
246,test,139,492,631
247,test,117,320,437
248,test,128,318,446
249,test,142,247,389
250,test,131,352,483
252,test,145,846,991
253,test,264,541,805
254,test,131,332,463
255,test,117,748,865
256,test,134,298,432
257,test,142,291,433
258,test,136,440,576
259,test,128,1455,1583
260,test,138,597,735
261,test,142,521,663
262,test,137,328,465
263,test,131,794,925
264,test,155,826,981
265,test,133,357,490
266,test,121,318,439
267,test,167,3130,3297
268,test,136,412,548
269,test,153,564,717
270,test,122,297,419
271,test,141,369,510
272,test,133,560,693
273,test,133,284,417
274,test,125,364,489
275,test,143,745,888
276,test,212,3668,3880
277,test,128,1006,1134
278,test,139,381,520
279,test,141,439,580
280,test,126,485,611
281,test,135,282,417
282,test,155,2507,2662
283,test,128,363,491
284,test,121,344,465
285,test,133,337,470
286,test,128,1306,1434
287,test,163,566,729
288,test,132,277,409
289,test,215,1230,1445
290,test,129,327,456
291,test,116,298,414
292,test,151,440,591
293,test,147,474,621
294,test,167,578,745
295,test,135,564,699
296,test,132,335,467
297,test,128,840,968
298,test,133,630,763
299,test,217,352,569
300,test,212,769,981
301,test,160,577,737
302,test,141,469,610
303,test,172,363,535
304,test,120,1324,1444
305,test,146,588,734
306,test,154,937,1091
307,test,147,583,730
308,test,160,312,472
309,test,135,292,427
310,test,144,426,570
311,test,141,589,730
312,test,171,687,858
313,test,127,329,456
314,test,133,395,528
315,test,124,551,675
316,test,188,590,778
317,test,141,363,504
318,test,208,1593,1801
319,test,143,999,1142
320,test,128,397,525
321,test,133,385,518
322,test,149,394,543
323,test,135,371,506
324,test,200,563,763
325,test,151,560,711
326,test,187,3202,3389
327,test,120,1131,1251
328,test,142,3814,3956
329,test,134,243,377
330,test,185,765,950
331,test,167,702,869
332,test,133,432,565
333,test,154,566,720
334,test,137,390,527
335,test,132,517,649
336,test,151,598,749
337,test,154,4915,5069
338,test,125,758,883
339,test,140,829,969
340,test,153,896,1049
341,test,152,1011,1163
342,test,165,277,442
343,test,123,666,789
344,test,165,535,700
345,test,122,1531,1653
346,test,123,360,483
347,test,122,600,722
348,test,157,1394,1551
349,test,130,320,450
350,test,137,655,792
351,test,158,539,697
352,test,144,914,1058
353,test,136,436,572
354,test,134,248,382
355,test,166,471,637
356,test,129,320,449
357,test,134,455,589
358,test,133,385,518
359,test,145,9389,9534
360,test,126,719,845
361,test,130,1038,1168
362,test,125,581,706
363,test,136,425,561
364,test,141,434,575
365,test,149,376,525
366,test,151,424,575
367,test,132,1832,1964
368,test,175,539,714
369,test,133,495,628
370,test,148,483,631
371,test,128,418,546
372,test,137,301,438
373,test,145,357,502
374,test,143,568,711
375,test,149,506,655
376,test,128,314,442
377,test,147,395,542
378,test,133,519,652
379,test,168,527,695
380,test,139,247,386
381,test,128,243,371
382,test,146,408,554
383,test,141,1594,1735
384,test,130,1418,1548
385,test,119,1017,1136
388,test,155,5282,5437
389,test,141,422,563
390,test,149,435,584
391,test,133,372,505
392,test,123,1419,1542
393,test,152,761,913
394,test,165,1650,1815
395,test,273,760,1033
396,test,165,762,927
397,test,144,1152,1296
398,test,141,631,772
399,test,171,496,667
400,test,140,273,413
401,test,124,705,829
402,test,142,2078,2220
403,test,223,448,671
404,test,128,542,670
405,test,131,1096,1227
406,test,176,544,720
407,test,128,332,460
408,test,131,407,538
409,test,140,445,585
410,test,138,2049,2187
411,test,119,346,465
412,test,121,281,402
413,test,122,408,530
414,test,137,260,397
415,test,134,399,533
416,test,144,508,652
417,test,136,522,658
418,test,120,272,392
419,test,136,427,563
420,test,156,443,599
421,test,144,2629,2773
422,test,127,333,460
423,test,149,1586,1735
424,test,148,411,559
425,test,173,639,812
426,test,136,1245,1381
427,test,146,610,756
428,test,288,4149,4437
429,test,133,463,596
430,test,134,493,627
431,test,173,572,745
432,test,151,448,599
433,test,138,555,693
434,test,126,317,443
435,test,128,445,573
436,test,128,497,625
437,test,150,469,619
438,test,127,2091,2218
439,test,130,389,519
440,test,134,639,773
441,test,144,463,607
442,test,135,569,704
443,test,124,280,404
444,test,122,352,474
445,test,119,263,382
446,test,119,280,399
447,test,135,482,617
448,test,146,778,924
449,test,127,333,460
450,test,122,439,561
451,test,167,1783,1950
452,test,135,830,965
453,test,121,349,470
454,test,144,1096,1240
455,test,135,552,687
456,test,129,884,1013
457,test,149,364,513
458,test,140,454,594
459,test,134,235,369
460,test,159,6086,6245
461,test,131,487,618
462,test,131,320,451
463,test,194,609,803
464,test,159,1253,1412
465,test,142,586,728
466,test,128,427,555
467,test,135,639,774
468,test,139,297,436
469,test,151,530,681
470,test,121,569,690
471,test,129,604,733
472,test,136,903,1039
473,test,165,3466,3631
474,test,136,372,508
475,test,170,7381,7551
476,test,183,5937,6120
477,test,123,449,572
478,test,120,275,395
479,test,133,829,962
480,test,208,892,1100
481,test,122,321,443
482,test,125,571,696
483,test,147,462,609
484,test,120,1124,1244
485,test,125,509,634
486,test,132,414,546
487,test,170,383,553
488,test,161,795,956
489,test,145,467,612
490,test,136,477,613
491,test,135,3641,3776
492,test,121,673,794
493,test,165,333,498
494,test,119,313,432
495,test,125,407,532
496,test,127,3405,3532
497,test,193,758,951
498,test,143,1289,1432
499,test,156,421,577
500,test,129,311,440
501,test,112,627,739
502,test,131,280,411
503,test,135,219,354
504,test,136,191,327
505,test,135,1095,1230
506,test,121,366,487
507,test,145,502,647
508,test,137,551,688
509,test,124,297,421
510,test,132,249,381
511,test,177,818,995
512,test,191,929,1120
513,test,132,614,746
514,test,149,1528,1677
515,test,137,834,971
516,test,152,2776,2928
517,test,123,1734,1857
518,test,134,712,846
519,test,136,372,508
520,test,126,431,557
521,test,138,382,520
522,test,124,277,401
523,test,129,946,1075
524,test,142,537,679
525,test,112,883,995
526,test,121,3746,3867
527,test,138,326,464
528,test,152,431,583
529,test,133,378,511
530,test,190,1850,2040
531,test,125,485,610
532,test,146,2287,2433
533,test,152,2904,3056
534,test,137,1733,1870
535,test,134,1854,1988
536,test,153,422,575
537,test,124,460,584
538,test,160,589,749
539,test,155,516,671
540,test,159,447,606
541,test,148,464,612
542,test,151,1314,1465
543,test,189,543,732
544,test,134,351,485
545,test,164,813,977
546,test,140,629,769
547,test,118,701,819
548,test,136,888,1024
549,test,135,918,1053
550,test,130,317,447
551,test,142,373,515
552,test,141,262,403
553,test,178,3809,3987
554,test,167,1300,1467
555,test,138,1156,1294
556,test,185,3779,3964
557,test,135,333,468
558,test,142,455,597
559,test,130,721,851
560,test,135,463,598
561,test,177,538,715
562,test,131,548,679
563,test,129,754,883
564,test,119,473,592
565,test,121,998,1119
566,test,143,1768,1911
567,test,163,2295,2458
568,test,149,601,750
569,test,179,1009,1188
570,test,140,282,422
571,test,157,687,844
572,test,143,413,556
573,test,123,369,492
574,test,151,480,631
575,test,156,512,668
576,test,127,309,436
577,test,180,1967,2147
578,test,138,1076,1214
579,test,134,274,408
580,test,142,486,628
581,test,146,1780,1926
582,test,157,498,655
583,test,172,483,655
584,test,147,413,560
585,test,138,397,535
586,test,128,478,606
587,test,151,513,664
588,test,131,545,676
589,test,173,649,822
590,test,129,1567,1696
591,test,153,382,535
592,test,148,3189,3337
593,test,186,3620,3806
594,test,136,1286,1422
595,test,163,668,831
596,test,142,411,553
597,test,117,543,660
598,test,131,904,1035
599,test,119,1228,1347
600,test,133,5008,5141
601,test,124,335,459
602,test,150,4580,4730
603,test,135,440,575
604,test,124,374,498
605,test,149,3316,3465
606,test,151,877,1028
607,test,131,252,383
608,test,127,432,559
609,test,135,602,737
610,test,140,460,600
611,test,151,523,674
612,test,151,914,1065
613,test,140,481,621
614,test,180,5731,5911
615,test,131,517,648
616,test,123,356,479
617,test,120,374,494
618,test,172,740,912
619,test,144,632,776
620,test,138,371,509
621,test,143,581,724
622,test,131,362,493
623,test,153,609,762
624,test,112,3087,3199
625,test,121,680,801
626,test,143,417,560
627,test,138,1507,1645
628,test,143,877,1020
629,test,116,424,540
630,test,129,382,511
631,test,142,1117,1259
632,test,136,381,517
633,test,167,550,717
634,test,129,597,726
635,test,142,919,1061
636,test,122,365,487
637,test,136,479,615
638,test,127,346,473
639,test,152,2554,2706
640,test,146,737,883
641,test,142,4156,4298
642,test,139,326,465
643,test,129,448,577
644,test,129,359,488
645,test,177,1508,1685
646,test,127,332,459
647,test,192,461,653
648,test,187,3987,4174
649,test,118,399,517
650,test,174,411,585
651,test,116,522,638
652,test,200,1127,1327
653,test,145,259,404
654,test,138,2230,2368
655,test,151,636,787
656,test,133,530,663
657,test,147,1091,1238
658,test,137,834,971
659,test,152,438,590
660,test,127,700,827
661,test,126,327,453
662,test,175,862,1037
663,test,129,446,575
664,test,139,510,649
665,test,141,473,614
666,test,154,4529,4683
667,test,123,389,512
668,test,135,414,549
669,test,143,551,694
670,test,139,710,849
671,test,149,1035,1184
672,test,138,4729,4867
673,test,144,396,540
674,test,135,533,668
675,test,134,605,739
676,test,131,352,483
677,test,122,481,603
678,test,160,289,449
679,test,222,1016,1238
680,test,146,477,623
681,test,150,442,592
682,test,143,2760,2903
683,test,152,688,840
684,test,135,459,594
685,test,137,439,576
686,test,146,339,485
687,test,150,532,682
688,test,138,799,937
689,test,160,515,675
690,test,133,332,465
691,test,124,554,678
692,test,116,1516,1632
693,test,161,392,553
694,test,224,1105,1329
695,test,141,287,428
696,test,124,455,579
697,test,128,393,521
698,test,125,347,472
699,test,135,1446,1581
700,test,162,754,916
701,test,123,288,411
702,test,178,619,797
703,test,168,509,677
704,test,122,784,906
705,test,128,705,833
706,test,181,865,1046
707,test,130,294,424
708,test,129,2043,2172
709,test,137,429,566
710,test,116,643,759
711,test,128,1697,1825
712,test,149,382,531
713,test,127,636,763
714,test,129,1108,1237
715,test,152,354,506
716,test,153,478,631
717,test,132,399,531
718,test,180,487,667
719,test,140,361,501
720,test,148,3445,3593
721,test,147,346,493
722,test,121,811,932
723,test,128,229,357
724,test,144,1324,1468
725,test,126,2794,2920
726,test,165,247,412
727,test,121,229,350
728,test,160,488,648
729,test,151,256,407
730,test,139,485,624
731,test,134,527,661
732,test,140,292,432
733,test,125,572,697
734,test,128,679,807
735,test,180,1223,1403
736,test,171,1793,1964
737,test,133,1101,1234
738,test,122,409,531
739,test,150,2274,2424
740,test,184,548,732
741,test,114,566,680
742,test,168,404,572
743,test,113,319,432
744,test,152,379,531
745,test,130,394,524
746,test,138,498,636
747,test,158,1595,1753
748,test,163,6260,6423
749,test,130,608,738
750,test,126,190,316
751,test,156,396,552
752,test,150,1019,1169
753,test,151,632,783
754,test,128,356,484
755,test,164,974,1138
756,test,140,381,521
757,test,163,393,556
758,test,154,478,632
759,test,142,411,553
760,test,133,440,573
761,test,130,373,503
762,test,200,3958,4158
763,test,136,279,415
764,test,153,695,848
765,test,133,315,448
766,test,131,450,581
767,test,125,329,454
768,test,142,1187,1329
769,test,138,280,418
770,test,131,378,509
771,test,128,1395,1523
772,test,112,385,497
774,test,123,270,393
775,test,150,803,953
776,test,143,332,475
777,test,136,310,446
778,test,160,890,1050
779,test,127,461,588
780,test,117,372,489
781,test,163,463,626
782,test,142,982,1124
783,test,161,437,598
784,test,130,614,744
785,test,131,839,970
786,test,173,365,538
787,test,131,374,505
788,test,141,497,638
789,test,135,316,451
790,test,138,1211,1349
791,test,124,679,803
792,test,165,783,948
793,test,124,395,519
794,test,153,362,515
795,test,151,1408,1559
796,test,133,365,498
797,test,125,449,574
798,test,163,814,977
799,test,142,432,574
800,test,117,2418,2535
801,test,151,338,489
802,test,121,339,460
803,test,158,522,680
804,test,198,699,897
805,test,144,580,724
806,test,171,575,746
807,test,142,551,693
808,test,151,469,620
809,test,158,1401,1559
810,test,126,206,332
811,test,157,355,512
812,test,123,2068,2191
813,test,150,406,556
814,test,129,478,607
815,test,139,5531,5670
816,test,125,795,920
817,test,139,268,407
818,test,123,431,554
819,test,149,495,644
820,test,145,325,470
821,test,126,288,414
822,test,135,1047,1182
823,test,176,476,652
824,test,156,406,562
825,test,134,344,478
826,test,174,448,622
827,test,145,602,747
828,test,132,544,676
829,test,146,2458,2604
830,test,193,709,902
831,test,198,529,727
832,test,147,305,452
833,test,128,479,607
834,test,141,309,450
835,test,130,1307,1437
836,test,123,729,852
837,test,194,440,634
838,test,121,134,255
839,test,137,393,530
840,test,154,482,636
841,test,135,331,466
842,test,159,491,650
843,test,134,412,546
844,test,171,604,775
845,test,145,451,596
846,test,208,793,1001
847,test,124,586,710
848,test,146,1432,1578
849,test,116,592,708
850,test,140,7739,7879
851,test,136,971,1107
852,test,145,896,1041
853,test,124,486,610
854,test,130,255,385
855,test,143,479,622
856,test,144,331,475
857,test,152,410,562
858,test,125,370,495
859,test,170,488,658
860,test,141,235,376
861,test,144,826,970
862,test,139,379,518
863,test,133,348,481
864,test,143,314,457
865,test,147,499,646
866,test,170,462,632
867,test,151,914,1065
868,test,140,3221,3361
869,test,151,394,545
870,test,142,491,633
871,test,136,334,470
872,test,120,359,479
873,test,124,455,579
874,test,143,284,427
875,test,149,395,544
876,test,135,830,965
877,test,128,482,610
878,test,135,986,1121
879,test,123,243,366
880,test,128,3948,4076
881,test,135,724,859
882,test,124,1036,1160
883,test,134,394,528
884,test,134,305,439
885,test,136,406,542
886,test,131,593,724
887,test,135,2386,2521
888,test,132,389,521
889,test,130,491,621
890,test,168,4001,4169
891,test,167,444,611
892,test,149,2417,2566
893,test,159,486,645
894,test,126,491,617
895,test,133,231,364
896,test,111,362,473
897,test,130,1399,1529
898,test,194,2092,2286
899,test,176,897,1073
900,test,124,550,674
901,test,158,518,676
902,test,120,436,556
903,test,145,403,548
905,test,132,302,434
906,test,139,412,551
907,test,155,357,512
908,test,138,529,667
909,test,131,321,452
910,test,191,560,751
911,test,124,311,435
912,test,164,570,734
913,test,121,242,363
914,test,123,3333,3456
915,test,326,752,1078
916,test,124,543,667
917,test,146,2288,2434
918,test,161,538,699
919,test,149,1199,1348
920,test,133,477,610
921,test,112,250,362
922,test,157,725,882
923,test,155,446,601
924,test,115,716,831
925,test,139,229,368
926,test,175,2215,2390
927,test,138,655,793
928,test,131,498,629
929,test,126,608,734
930,test,124,458,582
931,test,158,376,534
932,test,161,489,650
933,test,141,580,721
935,test,154,702,856
936,test,129,289,418
937,test,129,483,612
938,test,122,1042,1164
939,test,131,337,468
940,test,138,362,500
941,test,117,407,524
942,test,133,574,707
943,test,199,560,759
944,test,148,459,607
945,test,139,385,524
946,test,125,704,829
947,test,117,228,345
948,test,149,390,539
949,test,125,504,629
950,test,143,2736,2879
951,test,128,257,385
952,test,127,324,451
953,test,135,2064,2199
954,test,155,1542,1697
955,test,127,559,686
956,test,126,487,613
957,test,169,522,691
958,test,136,1944,2080
959,test,126,322,448
960,test,140,520,660
961,test,152,1860,2012
962,test,133,326,459
963,test,139,292,431
964,test,129,336,465
965,test,130,525,655
966,test,171,322,493
967,test,179,430,609
968,test,132,683,815
969,test,138,467,605
970,test,119,333,452
971,test,129,1107,1236
972,test,123,408,531
973,test,137,644,781
974,test,159,763,922
975,test,145,567,712
976,test,172,549,721
977,test,120,511,631
978,test,180,425,605
979,test,146,966,1112
980,test,135,367,502
981,test,128,1069,1197
982,test,126,437,563
983,test,126,521,647
984,test,118,1144,1262
985,test,200,522,722
986,test,140,1140,1280
987,test,135,587,722
988,test,143,393,536
989,test,122,1093,1215
990,test,143,1366,1509
991,test,259,635,894
992,test,209,582,791
993,test,130,187,317
994,test,140,424,564
995,test,133,1795,1928
996,test,128,372,500
997,test,131,332,463
998,test,127,1381,1508
999,test,125,598,723
1000,test,150,1964,2114
1001,test,130,3517,3647
1002,test,121,456,577
1003,test,184,393,577
1004,test,119,308,427
1005,test,118,203,321
1006,test,126,349,475
1007,test,173,467,640
1008,test,150,346,496
1009,test,135,475,610
1010,test,126,959,1085
1011,test,137,397,534
1012,test,185,3320,3505
1013,test,134,386,520
1014,test,206,739,945
1015,test,131,421,552
1016,test,134,2694,2828
1017,test,136,549,685
1018,test,151,2734,2885
1019,test,205,2457,2662
1020,test,134,498,632
1021,test,143,576,719
1022,test,135,415,550
1023,test,119,453,572
1024,test,137,431,568
1025,test,151,867,1018
1026,test,122,306,428
1027,test,125,348,473
1028,test,152,700,852
1029,test,142,1876,2018
1030,test,153,349,502
1031,test,160,5278,5438
1032,test,136,454,590
1033,test,170,426,596
1034,test,126,294,420
1035,test,134,376,510
1037,test,153,355,508
1038,test,151,731,882
1039,test,130,399,529
1040,test,133,363,496
1041,test,174,1193,1367
1042,test,162,678,840
1043,test,132,340,472
1044,test,141,247,388
1045,test,133,463,596
1046,test,122,370,492
1047,test,127,732,859
1048,test,153,336,489
1049,test,139,416,555
1050,test,124,399,523
1051,test,115,1198,1313
1052,test,172,4488,4660
1053,test,123,591,714
1054,test,161,535,696
1055,test,140,1111,1251
1056,test,214,524,738
1057,test,179,536,715
1058,test,133,425,558
1059,test,141,435,576
1060,test,160,461,621
1061,test,136,301,437
1062,test,158,1791,1949
1063,test,146,1174,1320
1064,test,149,2151,2300
1065,test,143,2421,2564
1066,test,155,523,678
1067,test,133,802,935
1068,test,154,615,769
1069,test,122,242,364
1070,test,150,1024,1174
1071,test,137,384,521
1072,test,118,359,477
1073,test,142,2018,2160
1074,test,163,1134,1297
1075,test,158,372,530
1076,test,125,209,334
1077,test,146,275,421
1078,test,133,2666,2799
1079,test,112,312,424
1080,test,145,299,444
1081,test,140,428,568
1082,test,143,459,602
1083,test,157,347,504
1084,test,187,542,729
1085,test,180,632,812
1086,test,117,211,328
1087,test,117,523,640
1088,test,206,350,556
1089,test,124,1013,1137
1090,test,122,634,756
1091,test,136,432,568
1092,test,168,499,667
1093,test,161,1281,1442
1094,test,143,843,986
1095,test,142,644,786
1096,test,134,610,744
1097,test,137,307,444
1098,test,136,420,556
1099,test,138,266,404
1100,test,132,861,993
1101,test,140,574,714
1102,test,125,429,554
1103,test,134,435,569
1104,test,140,674,814
1105,test,143,1968,2111
1106,test,119,335,454
1107,test,151,345,496
1108,test,141,314,455
1109,test,146,302,448
1110,test,159,934,1093
1111,test,133,363,496
1112,test,139,461,600
1113,test,144,467,611
1114,test,135,1192,1327
1115,test,139,313,452
1116,test,122,397,519
1117,test,133,794,927
1118,test,124,291,415
1119,test,136,489,625
1120,test,156,588,744
1121,test,156,1706,1862
1122,test,130,305,435
1123,test,150,565,715
1124,test,129,546,675
1125,test,127,809,936
1126,test,154,1630,1784
1127,test,154,1133,1287
1128,test,150,432,582
1129,test,206,3011,3217
1130,test,124,473,597
1131,test,160,428,588
1132,test,141,1870,2011
1133,test,115,228,343
1134,test,125,455,580
1135,test,140,355,495
1136,test,119,1069,1188
1137,test,122,352,474
1138,test,131,1945,2076
1139,test,135,227,362
1140,test,130,445,575
1141,test,131,366,497
1142,test,120,218,338
1143,test,146,706,852
1144,test,119,400,519
1145,test,129,405,534
1146,test,146,519,665
1147,test,187,476,663
1148,test,147,471,618
1149,test,126,319,445
1150,test,116,431,547
1151,test,132,586,718
1152,test,123,5600,5723
1153,test,197,3401,3598
1154,test,136,728,864
1155,test,149,652,801
1156,test,111,345,456
1157,test,237,1429,1666
1158,test,124,833,957
1159,test,149,372,521
1160,test,153,341,494
1161,test,180,346,526
1162,test,153,849,1002
1163,test,131,235,366
1164,test,144,1797,1941
1165,test,134,494,628
1166,test,126,291,417
1167,test,159,621,780
1168,test,140,998,1138
1169,test,125,206,331
1170,test,143,598,741
1171,test,160,1636,1796
1172,test,146,570,716
1173,test,134,443,577
1174,test,123,397,520
1175,test,135,858,993
1176,test,132,389,521
1177,test,121,456,577
1178,test,156,583,739
1179,test,116,347,463
1180,test,137,1634,1771
1181,test,119,1007,1126
1182,test,140,1680,1820
1183,test,136,422,558
1184,test,162,794,956
1185,test,157,427,584
1186,test,138,283,421
1187,test,141,704,845
1188,test,132,664,796
1189,test,150,635,785
1190,test,144,349,493
1191,test,122,437,559
1192,test,143,571,714
1193,test,155,326,481
1194,test,170,534,704
1195,test,151,560,711
1196,test,136,736,872
1197,test,168,724,892
1198,test,133,343,476
1199,test,131,398,529
1200,test,119,586,705
1201,test,125,574,699
1202,test,150,310,460
1203,test,143,366,509
1204,test,128,762,890
1205,test,146,427,573
1206,test,146,381,527
1207,test,155,479,634
1208,test,146,355,501
1209,test,175,3606,3781
1210,test,143,500,643
1211,test,146,1066,1212
1212,test,135,388,523
1213,test,164,503,667
1214,test,136,297,433
1215,test,125,583,708
1216,test,122,552,674
1217,test,166,486,652
1218,test,133,675,808
1219,test,161,608,769
1220,test,138,278,416
1221,test,128,465,593
1222,test,136,4607,4743
1223,test,141,571,712
1224,test,173,731,904
1225,test,152,621,773
1226,test,116,355,471
1227,test,174,487,661
1228,test,128,288,416
1229,test,151,550,701
1230,test,145,457,602
1231,test,147,509,656
1232,test,154,451,605
1233,test,137,905,1042
1234,test,150,459,609
1235,test,136,522,658
1236,test,150,594,744
1237,test,151,543,694
1238,test,156,955,1111
1239,test,161,3199,3360
1240,test,137,2549,2686
1241,test,182,524,706
1242,test,142,1156,1298
1243,test,125,994,1119
1244,test,145,418,563
1245,test,113,342,455
1246,test,165,576,741
1247,test,121,1374,1495
1248,test,193,574,767
1249,test,139,523,662
1250,test,135,414,549
1251,test,126,3224,3350
1252,test,144,3169,3313
1253,test,178,220,398
1254,test,151,235,386
1255,test,167,395,562
1256,test,130,398,528
1257,test,155,511,666
1258,test,132,1269,1401
1259,test,159,647,806
1260,test,133,423,556
1261,test,123,207,330
1262,test,121,242,363
1263,test,160,702,862
1264,test,213,4275,4488
1265,test,174,932,1106
1266,test,145,423,568
1267,test,127,672,799
1268,test,141,781,922
1269,test,146,494,640
1270,test,147,2373,2520
1271,test,142,420,562
1272,test,149,441,590
1273,test,142,327,469
1274,test,136,315,451
1275,test,151,390,541
1276,test,117,587,704
1277,test,176,702,878
1278,test,131,771,902
1279,test,121,447,568
1280,test,193,3520,3713
1281,test,126,396,522
1282,test,144,2501,2645
1283,test,154,2226,2380
1284,test,170,391,561
1285,test,131,344,475
1286,test,128,508,636
1287,test,156,850,1006
1288,test,123,327,450
1289,test,144,254,398
1290,test,156,531,687
1291,test,145,635,780
1292,test,168,1956,2124
1293,test,151,1334,1485
1294,test,143,305,448
1295,test,132,304,436
1296,test,122,272,394
1297,test,149,514,663
1298,test,145,415,560
1299,test,127,3468,3595
1300,test,116,324,440
1301,test,129,549,678
1302,test,153,553,706
1303,test,130,353,483
1304,test,145,543,688
1305,test,132,750,882
1306,test,135,462,597
1307,test,149,371,520
1308,test,155,1586,1741
1309,test,142,4301,4443
1310,test,124,312,436
1311,test,151,563,714
1312,test,133,460,593
1313,test,137,506,643
1314,test,151,436,587
1315,test,132,3343,3475
1316,test,124,246,370
1317,test,150,1101,1251
1318,test,127,1080,1207
1319,test,161,543,704
1320,test,144,824,968
1321,test,132,408,540
1322,test,143,471,614
1323,test,136,1112,1248
1324,test,128,388,516
1325,test,128,1414,1542
1326,test,152,477,629
1327,test,184,411,595
1328,test,124,354,478
1329,test,130,362,492
1330,test,151,3015,3166
1331,test,130,1773,1903
1332,test,124,486,610
1333,test,127,328,455
1334,test,115,760,875
1335,test,177,325,502
1336,test,184,815,999
1337,test,197,957,1154
1338,test,128,1551,1679
1339,test,282,374,656
1340,test,157,776,933
1341,test,132,541,673
1342,test,137,321,458
1343,test,143,385,528
1344,test,187,663,850
1345,test,129,1402,1531
1346,test,139,616,755
1347,test,139,510,649
1348,test,144,432,576
1349,test,131,4528,4659
1350,test,143,3024,3167
1351,test,127,300,427
1352,test,162,834,996
1353,test,135,348,483
1354,test,218,809,1027
1355,test,154,374,528
1356,test,164,10906,11070
1357,test,148,384,532
1358,test,142,803,945
1359,test,119,276,395
1360,test,152,314,466
1361,test,127,381,508
1362,test,160,1493,1653
1363,test,154,666,820
1364,test,237,2134,2371
1365,test,122,365,487
1366,test,183,307,490
1367,test,148,511,659
1368,test,193,796,989
1369,test,162,428,590
1370,test,133,288,421
1371,test,129,535,664
1372,test,147,459,606
1373,test,148,1126,1274
1374,test,168,3388,3556
1375,test,170,598,768
1376,test,130,1069,1199
1377,test,155,557,712
1378,test,145,584,729
1379,test,138,300,438
1380,test,130,404,534
1381,test,129,592,721
1382,test,188,464,652
1383,test,124,500,624
1384,test,166,1918,2084
1385,test,142,733,875
1386,test,158,514,672
1387,test,142,569,711
1388,test,120,645,765
1389,test,121,354,475
1390,test,120,435,555
1391,test,132,545,677
1392,test,182,971,1153
1393,test,128,362,490
1394,test,129,342,471
1395,test,127,479,606
1396,test,153,405,558
1397,test,120,323,443
1398,test,121,481,602
1399,test,138,1517,1655
1400,test,133,512,645
1401,test,162,459,621
1402,test,139,418,557
1403,test,137,469,606
1404,test,144,445,589
1405,test,155,711,866
1406,test,144,534,678
1407,test,153,503,656
1408,test,139,492,631
1409,test,129,381,510
1410,test,143,472,615
1411,test,126,579,705
1412,test,134,2589,2723
1413,test,125,578,703
1414,test,135,420,555
1415,test,196,652,848
1416,test,147,473,620
1417,test,120,696,816
1418,test,142,476,618
1419,test,154,1975,2129
1420,test,118,675,793
1421,test,120,532,652
1422,test,174,804,978
1423,test,144,458,602
1424,test,151,862,1013
1425,test,144,549,693
1426,test,147,657,804
1427,test,129,602,731
1428,test,168,864,1032
1429,test,129,388,517
1430,test,126,576,702
1431,test,151,629,780
1432,test,236,681,917
1433,test,142,789,931
1434,test,159,406,565
1435,test,128,351,479
1436,test,139,646,785
1437,test,126,375,501
1438,test,183,473,656
1439,test,125,266,391
1440,test,129,255,384
1441,test,133,606,739
1442,test,151,768,919
1443,test,121,530,651
1444,test,165,777,942
1445,test,131,285,416
1446,test,162,436,598
1447,test,139,458,597
1448,test,164,432,596
1449,test,116,256,372
1450,test,137,1019,1156
1451,test,144,329,473
1452,test,153,842,995
1453,test,155,660,815
1454,test,124,574,698
1455,test,131,286,417
1456,test,132,213,345
1457,test,129,357,486
1458,test,196,3261,3457
1459,test,160,324,484
1460,test,148,1337,1485
1461,test,147,426,573
1462,test,130,383,513
1463,test,127,539,666
1464,test,159,423,582
1465,test,121,633,754
1466,test,145,519,664
1467,test,168,809,977
1468,test,133,638,771
1469,test,115,313,428
1470,test,145,452,597
1471,test,168,527,695
1472,test,132,445,577
1473,test,152,494,646
1474,test,114,529,643
1475,test,124,291,415
1476,test,159,1964,2123
1477,test,136,322,458
1478,test,151,332,483
1479,test,129,301,430
1480,test,152,481,633
1481,test,130,479,609
1482,test,172,382,554
1483,test,120,286,406
1484,test,147,341,488
1485,test,125,240,365
1486,test,130,483,613
1487,test,129,389,518
1488,test,128,361,489
1489,test,134,630,764
1490,test,121,737,858
1491,test,153,1219,1372
1492,test,159,766,925
1493,test,135,381,516
1494,test,126,658,784
1495,test,165,1689,1854
1496,test,143,2136,2279
1497,test,113,484,597
1498,test,160,927,1087
1499,test,124,642,766
1500,test,123,241,364
1501,test,173,306,479
1502,test,136,284,420
1503,test,145,1490,1635
1504,test,145,3496,3641
1505,test,127,1228,1355
1506,test,156,414,570
1507,test,153,345,498
1508,test,134,434,568
1509,test,149,562,711
1510,test,139,308,447
1511,test,137,436,573
1512,test,176,1073,1249
1513,test,134,806,940
1514,test,124,344,468
1515,test,126,317,443
1516,test,125,381,506
1517,test,124,317,441
1518,test,132,448,580
1519,test,136,424,560
1520,test,135,470,605
1521,test,130,697,827
1522,test,158,827,985
1523,test,166,488,654
1524,test,132,333,465
1525,test,123,411,534
1526,test,159,776,935
1527,test,121,222,343
1528,test,136,622,758
1529,test,130,622,752
1530,test,148,540,688
1531,test,186,840,1026
1532,test,163,393,556
1533,test,125,442,567
1534,test,133,417,550
1535,test,156,419,575
1536,test,132,750,882
1537,test,145,519,664
1538,test,137,1241,1378
1539,test,107,334,441
1540,test,128,1478,1606
1541,test,147,385,532
1542,test,152,1647,1799
1543,test,137,392,529
1544,test,176,410,586
1545,test,119,451,570
1546,test,150,1411,1561
1547,test,148,904,1052
1548,test,172,1135,1307
1549,test,154,300,454
1550,test,131,270,401
1551,test,144,2463,2607
1552,test,140,258,398
1553,test,152,511,663
1554,test,121,397,518
1555,test,160,528,688
1556,test,129,406,535
1557,test,114,265,379
1558,test,198,8129,8327
1559,test,181,961,1142
1560,test,143,387,530
1561,test,144,397,541
1562,test,162,548,710
1563,test,137,8051,8188
1564,test,129,281,410
1565,test,164,466,630
1566,test,167,320,487
1567,test,144,372,516
1568,test,124,364,488
1569,test,162,523,685
1570,test,116,1262,1378
1571,test,138,329,467
1572,test,150,608,758
1573,test,155,488,643
1574,test,134,531,665
1575,test,111,391,502
1576,test,139,320,459
1577,test,149,383,532
1578,test,134,661,795
1579,test,164,627,791
1580,test,182,438,620
1581,test,154,244,398
1582,test,143,621,764
1583,test,125,422,547
1584,test,139,3927,4066
1585,test,120,491,611
1586,test,142,371,513
1587,test,144,2915,3059
1588,test,139,338,477
1589,test,161,567,728
1590,test,154,460,614
1591,test,155,972,1127
1592,test,160,451,611
1593,test,183,540,723
1594,test,121,276,397
1595,test,147,791,938
1596,test,137,459,596
1597,test,143,399,542
1598,test,139,453,592
1599,test,156,4583,4739
1600,test,132,711,843
1601,test,134,508,642
1602,test,166,563,729
1603,test,132,3608,3740
1604,test,136,486,622
1605,test,132,761,893
1606,test,147,325,472
1607,test,186,928,1114
1608,test,122,361,483
1609,test,180,2920,3100
1610,test,125,693,818
1611,test,220,623,843
1612,test,150,1196,1346
1613,test,174,660,834
1614,test,167,487,654
1615,test,131,241,372
1616,test,129,477,606
1617,test,137,439,576
1618,test,121,711,832
1619,test,167,1124,1291
1620,test,146,608,754
1621,test,129,2392,2521
1622,test,183,1777,1960
1623,test,124,495,619
1624,test,135,429,564
1625,test,154,564,718
1626,test,135,776,911
1627,test,156,1674,1830
1628,test,131,458,589
1629,test,145,751,896
1630,test,141,398,539
1631,test,118,329,447
1632,test,124,433,557
1633,test,159,476,635
1634,test,123,444,567
1635,test,142,414,556
1636,test,118,605,723
1637,test,181,673,854
1638,test,136,555,691
1639,test,130,465,595
1640,test,129,646,775
1641,test,136,366,502
1642,test,148,334,482
1643,test,122,289,411
1644,test,140,789,929
1645,test,162,981,1143
1646,test,146,405,551
1647,test,148,295,443
1648,test,192,274,466
1649,test,177,648,825
1650,test,127,1338,1465
1651,test,181,3713,3894
1652,test,146,338,484
1653,test,127,807,934
1654,test,121,285,406
1655,test,155,426,581
1656,test,139,267,406
1657,test,124,443,567
1658,test,149,545,694
1659,test,126,495,621
1660,test,197,394,591
1661,test,119,352,471
1662,test,145,549,694
1663,test,147,262,409
1664,test,135,1465,1600
1665,test,129,838,967
1666,test,131,328,459
1667,test,125,2424,2549
1668,test,180,566,746
1669,test,212,612,824
1670,test,153,779,932
1671,test,157,2000,2157
1672,test,142,744,886
1673,test,130,5619,5749
1674,test,158,495,653
1675,test,158,365,523
1676,test,146,446,592
1677,test,153,307,460
1678,test,163,1244,1407
1679,test,119,397,516
1680,test,151,882,1033
1681,test,159,864,1023
1682,test,159,306,465
1683,test,157,1219,1376
1684,test,137,344,481
1685,test,135,422,557
1686,test,164,504,668
1687,test,180,595,775
1688,test,135,344,479
1689,test,126,417,543
1690,test,120,248,368
1691,test,121,412,533
1692,test,160,479,639
1693,test,167,603,770
1694,test,113,339,452
1695,test,175,575,750
1696,test,128,278,406
1697,test,183,374,557
1698,test,126,478,604
1699,test,175,573,748
1700,test,146,552,698
1701,test,140,534,674
1702,test,143,556,699
1703,test,139,602,741
1704,test,116,390,506
1705,test,131,425,556
1706,test,139,6995,7134
1707,test,144,493,637
1708,test,119,328,447
1709,test,120,355,475
1710,test,132,353,485
1711,test,147,575,722
1712,test,125,367,492
1713,test,131,286,417
1714,test,135,274,409
1715,test,138,353,491
1716,test,136,385,521
1717,test,128,571,699
1718,test,129,196,325
1719,test,126,2629,2755
1720,test,131,533,664
1721,test,145,558,703
1722,test,124,429,553
1723,test,128,310,438
1724,test,135,4480,4615
1725,test,139,313,452
1726,test,142,312,454
1727,test,137,478,615
1728,test,149,945,1094
1729,test,190,507,697
1730,test,178,668,846
1731,test,126,336,462
1732,test,155,533,688
1733,test,145,614,759
1734,test,141,724,865
1735,test,199,495,694
1736,test,139,281,420
1737,test,164,5181,5345
1738,test,137,425,562
1739,test,182,744,926
1740,test,127,4905,5032
1741,test,138,344,482
1742,test,125,362,487
1743,test,145,395,540
1744,test,153,572,725
1745,test,201,949,1150
1746,test,135,369,504
1747,test,154,628,782
1748,test,140,909,1049
1749,test,144,1984,2128
1750,test,142,452,594
1751,test,134,330,464
1752,test,127,585,712
1753,test,149,403,552
1754,test,117,1948,2065
1755,test,118,615,733
1756,test,133,313,446
1757,test,121,1096,1217
1758,test,138,312,450
1759,test,206,575,781
1760,test,133,289,422
1761,test,129,732,861
1762,test,133,850,983
1763,test,127,695,822
1764,test,124,497,621
1765,test,160,1082,1242
1766,test,176,456,632
1767,test,141,478,619
1768,test,173,684,857
1769,test,130,377,507
1770,test,128,420,548
1771,test,126,221,347
1772,test,128,292,420
1773,test,143,713,856
1774,test,152,399,551
1775,test,121,407,528
1776,test,117,359,476
1777,test,161,693,854
1778,test,153,1480,1633
1779,test,144,392,536
1780,test,142,369,511
1781,test,158,511,669
1782,test,131,779,910
1783,test,145,3183,3328
1784,test,165,713,878
1785,test,189,1090,1279
1786,test,143,1185,1328
1787,test,122,344,466
1788,test,132,490,622
1789,test,132,769,901
1790,test,155,538,693
1791,test,140,448,588
1792,test,152,343,495
1793,test,137,442,579
1794,test,149,1245,1394
1795,test,180,907,1087
1796,test,137,317,454
1797,test,135,441,576
1798,test,140,591,731
1799,test,139,238,377
1800,test,128,218,346
1801,test,168,424,592
1802,test,131,380,511
1803,test,166,2576,2742
1804,test,143,326,469
1805,test,127,365,492
1806,test,151,700,851
1807,test,170,6713,6883
1808,test,129,293,422
1809,test,164,365,529
1810,test,146,284,430
1811,test,143,421,564
1813,test,115,429,544
1814,test,139,300,439
1815,test,198,2825,3023
1816,test,132,389,521
1817,test,131,448,579
1818,test,136,1574,1710
1819,test,147,433,580
1820,test,163,668,831
1821,test,152,512,664
1822,test,168,582,750
1823,test,125,351,476
1824,test,146,4960,5106
1825,test,124,854,978
1826,test,160,501,661
1827,test,125,930,1055
1828,test,163,456,619
1829,test,132,498,630
1830,test,156,2574,2730
1831,test,151,402,553
1832,test,139,1478,1617
1833,test,133,341,474
1834,test,123,1455,1578
1835,test,128,574,702
1836,test,143,870,1013
1837,test,135,493,628
1838,test,206,825,1031
1839,test,192,810,1002
1840,test,125,284,409
1841,test,146,747,893
1842,test,139,287,426
1843,test,128,322,450
1844,test,116,304,420
1845,test,133,510,643
1846,test,136,410,546
1847,test,145,306,451
1848,test,143,307,450
1849,test,160,610,770
1850,test,188,1314,1502
1851,test,147,1446,1593
1852,test,125,404,529
1853,test,132,361,493
1854,test,133,434,567
1855,test,149,1140,1289
1856,test,124,263,387
1857,test,159,415,574
1858,test,130,361,491
1859,test,124,410,534
1860,test,122,504,626
1861,test,151,292,443
1862,test,125,436,561
1863,test,127,360,487
1864,test,230,730,960
1865,test,166,1458,1624
1866,test,148,418,566
1867,test,152,444,596
1868,test,121,474,595
1869,test,128,564,692
1870,test,151,380,531
1871,test,127,306,433
1872,test,143,469,612
1873,test,127,274,401
1874,test,133,3428,3561
1875,test,114,507,621
1876,test,125,683,808
1877,test,162,1150,1312
1878,test,142,655,797
1879,test,155,576,731
1880,test,172,1454,1626
1881,test,145,694,839
1882,test,168,364,532
1883,test,128,1121,1249
1884,test,134,428,562
1885,test,127,448,575
1886,test,126,548,674
1887,test,122,721,843
1888,test,156,564,720
1889,test,132,370,502
1890,test,128,282,410
1891,test,173,460,633
1892,test,145,913,1058
1893,test,126,167,293
1894,test,190,817,1007
1895,test,112,381,493
1896,test,123,388,511
1897,test,153,640,793
1898,test,170,370,540
1899,test,127,389,516
1900,test,154,273,427
1901,test,138,548,686
1902,test,123,338,461
1903,test,144,316,460
1904,test,118,1919,2037
1905,test,114,606,720
1906,test,129,1161,1290
1907,test,121,244,365
1908,test,145,338,483
1909,test,147,317,464
1910,test,111,690,801
1911,test,156,300,456
1912,test,127,609,736
1913,test,162,369,531
1914,test,176,628,804
1915,test,170,629,799
1916,test,140,1023,1163
1917,test,132,261,393
1918,test,168,641,809
1919,test,124,285,409
1920,test,160,335,495
1921,test,201,852,1053
1922,test,144,758,902
1923,test,129,283,412
1924,test,134,321,455
1925,test,152,3409,3561
1926,test,125,339,464
1927,test,128,360,488
1928,test,192,511,703
1929,test,164,404,568
1930,test,166,848,1014
1931,test,132,881,1013
1932,test,131,761,892
1933,test,135,447,582
1934,test,117,415,532
1935,test,148,1085,1233
1936,test,143,279,422
1937,test,148,402,550
1938,test,156,393,549
1939,test,134,899,1033
1940,test,130,394,524
1941,test,127,361,488
1942,test,127,388,515
1943,test,130,667,797
1944,test,124,435,559
1945,test,139,287,426
1946,test,135,406,541
1947,test,139,1094,1233
1948,test,136,332,468
1949,test,143,530,673
1950,test,122,495,617
1951,test,160,1094,1254
1952,test,137,606,743
1953,test,129,950,1079
1954,test,192,534,726
1955,test,185,1320,1505
1956,test,132,1700,1832
1957,test,135,431,566
1958,test,225,698,923
1959,test,143,352,495
1960,test,135,570,705
1961,test,127,297,424
1962,test,141,297,438
1963,test,160,715,875
1964,test,145,337,482
1965,test,157,400,557
1966,test,135,464,599
1967,test,130,746,876
1968,test,151,632,783
1969,test,131,807,938
1970,test,146,406,552
1971,test,180,548,728
1972,test,223,641,864
1973,test,166,1572,1738
1974,test,130,338,468
1975,test,152,299,451
1976,test,133,586,719
1977,test,131,386,517
1978,test,150,722,872
1979,test,129,370,499
1980,test,111,1492,1603
1981,test,132,793,925
1982,test,136,1650,1786
1983,test,121,199,320
1984,test,127,352,479
1985,test,186,471,657
1986,test,145,525,670
1987,test,164,360,524
1988,test,149,591,740
1989,test,133,353,486
1990,test,130,311,441
1991,test,177,455,632
1992,test,132,270,402
1993,test,158,303,461
1994,test,133,545,678
1995,test,129,468,597
1996,test,151,362,513
1997,test,144,320,464
1998,test,159,538,697
1999,test,127,254,381
2000,test,146,3556,3702
2001,test,118,1194,1312
2002,test,160,1147,1307
2003,test,125,577,702
2004,test,160,589,749
2005,test,152,603,755
2006,test,124,614,738
2007,test,157,380,537
2008,test,123,1257,1380
2009,test,139,1207,1346
2010,test,184,538,722
2011,test,169,2108,2277
2012,test,145,2724,2869
2013,test,137,565,702
2014,test,120,807,927
2015,test,155,2441,2596
2016,test,124,431,555
2017,test,144,437,581
2018,test,142,1640,1782
2019,test,152,1890,2042
2020,test,124,1449,1573
2021,test,137,447,584
2022,test,155,1753,1908
2023,test,117,656,773
2024,test,160,615,775
2025,test,129,576,705
2026,test,129,401,530
2027,test,137,457,594
2028,test,132,311,443
2029,test,122,309,431
2030,test,152,1142,1294
2031,test,149,449,598
2032,test,180,519,699
2033,test,138,357,495
2034,test,159,506,665
2035,test,152,3206,3358
2036,test,133,275,408
2037,test,134,498,632
2038,test,128,329,457
2039,test,140,307,447
2040,test,128,448,576
2041,test,140,810,950
2042,test,123,314,437
2043,test,151,644,795
2044,test,157,504,661
2045,test,175,231,406
2046,test,143,405,548
2047,test,179,914,1093
2048,test,135,410,545
2049,test,133,360,493
2050,test,163,440,603
2051,test,131,1429,1560
2052,test,126,327,453
2053,test,139,959,1098
2054,test,127,519,646
2055,test,135,428,563
2056,test,124,371,495
2057,test,168,1204,1372
2058,test,148,599,747
2059,test,166,882,1048
2060,test,128,3070,3198
2061,test,163,519,682
2062,test,167,529,696
2063,test,125,1383,1508
2064,test,127,419,546
2065,test,319,619,938
2066,test,128,361,489
2067,test,154,708,862
2068,test,155,1289,1444
2069,test,148,819,967
2070,test,161,302,463
2071,test,130,219,349
2072,test,153,338,491
2073,test,136,509,645
2074,test,128,362,490
2075,test,126,326,452
2076,test,162,942,1104
2077,test,118,2948,3066
2078,test,141,622,763
2079,test,159,1223,1382
2080,test,151,553,704
2081,test,146,435,581
2082,test,121,241,362
2083,test,144,480,624
2084,test,145,359,504
2085,test,135,502,637
2086,test,122,562,684
2087,test,127,691,818
2088,test,148,631,779
2089,test,167,1802,1969
2090,test,166,526,692
2091,test,145,489,634
2092,test,138,431,569
2093,test,111,1734,1845
2094,test,134,1428,1562
2095,test,173,548,721
2096,test,129,1299,1428
2097,test,136,492,628
2098,test,126,420,546
2099,test,137,388,525
2100,test,144,1089,1233
2101,test,184,777,961
2102,test,133,506,639
2103,test,132,564,696
2104,test,162,953,1115
2105,test,153,3053,3206
2106,test,153,311,464
2107,test,121,390,511
2108,test,128,304,432
2109,test,148,549,697
2110,test,130,412,542
2111,test,147,275,422
2112,test,131,298,429
2113,test,131,419,550
2114,test,161,290,451
2115,test,167,616,783
2116,test,162,417,579
2117,test,125,699,824
2118,test,135,481,616
2119,test,132,323,455
2120,test,136,593,729
2121,test,127,500,627
2122,test,143,744,887
2123,test,195,1066,1261
2124,test,165,512,677
2125,test,143,2182,2325
2126,test,159,359,518
2127,test,127,468,595
2128,test,239,3568,3807
2129,test,144,240,384
2130,test,128,390,518
2131,test,120,380,500
2132,test,125,1077,1202
2133,test,157,3010,3167
2134,test,179,397,576
2135,test,136,343,479
2136,test,120,248,368
2137,test,118,286,404
2138,test,150,894,1044
2139,test,130,533,663
2140,test,126,492,618
2141,test,151,372,523
2142,test,121,192,313
2143,test,143,518,661
2144,test,147,361,508
2145,test,221,876,1097
2146,test,127,346,473
2147,test,151,372,523
2148,test,164,354,518
2149,test,114,1344,1458
2150,test,150,393,543
2151,test,137,383,520
2152,test,129,438,567
2153,test,143,477,620
2154,test,127,400,527
2155,test,125,330,455
2156,test,126,288,414
2157,test,131,376,507
2158,test,142,456,598
2159,test,149,501,650
2160,test,153,353,506
2161,test,150,523,673
2162,test,200,519,719
2163,test,142,318,460
2164,test,147,392,539
2165,test,158,689,847
2166,test,174,539,713
2167,test,140,431,571
2168,test,138,488,626
2169,test,140,305,445
2170,test,161,634,795
2171,test,130,445,575
2172,test,131,382,513
2173,test,134,334,468
2174,test,195,544,739
2175,test,132,1413,1545
2176,test,137,478,615
2177,test,169,1075,1244
2178,test,167,592,759
2179,test,139,573,712
2180,test,139,763,902
2181,test,141,514,655
2182,test,170,496,666
2183,test,245,350,595
2184,test,127,973,1100
2185,test,120,260,380
2186,test,135,2088,2223
2187,test,184,506,690
2188,test,157,533,690
2189,test,123,420,543
2190,test,145,493,638
2191,test,132,426,558
2192,test,148,1501,1649
2193,test,144,415,559
2194,test,179,467,646
2195,test,143,329,472
2196,test,184,599,783
2197,test,128,528,656
2198,test,168,2606,2774
2199,test,155,656,811
2200,test,132,1263,1395
2201,test,148,628,776
2202,test,123,368,491
2203,test,189,1651,1840
2204,test,152,617,769
2205,test,122,441,563
2206,test,170,343,513
2207,test,191,704,895
2208,test,139,478,617
2209,test,145,484,629
2210,test,130,343,473
2211,test,137,438,575
2212,test,119,415,534
2213,test,128,513,641
2214,test,130,422,552
2215,test,132,475,607
2216,test,122,1199,1321
2217,test,132,330,462
2218,test,136,619,755
2219,test,158,710,868
2220,test,133,7030,7163
2221,test,165,1391,1556
2222,test,120,539,659
2223,test,153,744,897
2224,test,127,315,442
2225,test,141,409,550
2226,test,173,1113,1286
2227,test,148,593,741
2228,test,135,726,861
2229,test,119,248,367
2230,test,181,326,507
2231,test,130,404,534
2232,test,128,443,571
2233,test,149,973,1122
2234,test,170,417,587
2235,test,136,4071,4207
2236,test,134,664,798
2237,test,144,727,871
2238,test,131,429,560
2239,test,124,380,504
2240,test,128,599,727
2241,test,136,452,588
2242,test,129,1028,1157
2243,test,178,315,493
2244,test,126,2829,2955
2245,test,176,1097,1273
2246,test,158,713,871
2247,test,154,378,532
2248,test,205,544,749
2249,test,113,371,484
2250,test,164,958,1122
2251,test,121,298,419
2252,test,126,353,479
2253,test,124,629,753
2254,test,122,313,435
2255,test,140,443,583
2256,test,122,2210,2332
2257,test,121,1591,1712
2258,test,141,1208,1349
2259,test,135,694,829
2260,test,186,747,933
2261,test,148,480,628
2262,test,139,300,439
2263,test,136,475,611
2264,test,136,481,617
2265,test,136,1134,1270
2266,test,116,1660,1776
2267,test,132,407,539
2268,test,294,651,945
2269,test,171,424,595
2270,test,138,565,703
2271,test,140,320,460
2272,test,180,1562,1742
2273,test,152,475,627
2274,test,176,557,733
2275,test,215,961,1176
2276,test,133,1007,1140
2277,test,170,468,638
2278,test,206,369,575
2279,test,173,676,849
2280,test,146,4342,4488
2281,test,216,4472,4688
2282,test,155,455,610
2283,test,120,413,533
2284,test,133,263,396
2285,test,130,251,381
2286,test,168,432,600
2287,test,131,402,533
2288,test,144,665,809
2289,test,130,723,853
2290,test,134,355,489
2291,test,130,516,646
2292,test,142,371,513
2293,test,136,385,521
2294,test,133,1548,1681
2295,test,205,991,1196
2296,test,147,536,683
2297,test,128,426,554
2298,test,165,397,562
2299,test,135,348,483
2300,test,136,406,542
2301,test,129,475,604
2302,test,126,340,466
2303,test,174,451,625
2304,test,134,335,469
2305,test,154,1872,2026
2306,test,151,1295,1446
2307,test,163,867,1030
2308,test,132,270,402
2309,test,118,341,459
2310,test,159,498,657
2311,test,151,260,411
2312,test,224,750,974
2313,test,152,774,926
2314,test,178,712,890
2315,test,125,1228,1353
2316,test,115,437,552
2317,test,144,623,767
2318,test,136,430,566
2319,test,131,267,398
2320,test,136,1086,1222
2321,test,187,419,606
2322,test,160,377,537
2323,test,130,326,456
2324,test,163,4685,4848
2325,test,139,510,649
2326,test,121,323,444
2327,test,141,439,580
2328,test,144,363,507
2329,test,134,2193,2327
2330,test,120,344,464
2331,test,126,225,351
2332,test,135,352,487
2333,test,139,620,759
2334,test,139,381,520
2335,test,129,315,444
2336,test,150,366,516
2337,test,126,2264,2390
2338,test,139,507,646
2339,test,143,293,436
2340,test,123,400,523
2341,test,160,437,597
2342,test,138,270,408
2343,test,152,387,539
2344,test,157,361,518
2345,test,151,926,1077
2346,test,143,460,603
2347,test,121,613,734
2348,test,125,425,550
2349,test,228,465,693
2350,test,140,900,1040
2351,test,135,597,732
2352,test,123,338,461
2353,test,143,293,436
2354,test,137,429,566
2355,test,164,434,598
2356,test,144,307,451
2357,test,149,318,467
2358,test,130,258,388
2359,test,155,813,968
2360,test,160,403,563
2361,test,146,389,535
2362,test,140,2991,3131
2363,test,148,587,735
2364,test,145,290,435
2365,test,123,298,421
2366,test,121,453,574
2367,test,125,340,465
2368,test,119,718,837
2369,test,141,416,557
2370,test,148,501,649
2371,test,144,378,522
2372,test,129,1001,1130
2373,test,138,358,496
2374,test,173,450,623
2375,test,130,422,552
2376,test,133,334,467
2377,test,139,456,595
2378,test,140,547,687
2379,test,146,448,594
2380,test,124,328,452
2381,test,146,569,715
2382,test,123,248,371
2383,test,123,570,693
2384,test,143,443,586
2385,test,241,514,755
2386,test,120,767,887
2387,test,138,413,551
2388,test,227,1993,2220
2389,test,146,368,514
2390,test,146,302,448
2391,test,232,1531,1763
2392,test,166,406,572
2393,test,147,476,623
2394,test,157,1189,1346
2395,test,124,347,471
2396,test,218,477,695
2397,test,109,336,445
2398,test,183,478,661
2399,test,134,1120,1254
2400,test,153,425,578
2401,test,152,564,716
2402,test,155,406,561
2403,test,136,424,560
2404,test,147,342,489
2405,test,131,297,428
2406,test,202,3809,4011
2407,test,163,3349,3512
2408,test,150,1790,1940
2409,test,131,508,639
2410,test,172,1657,1829
2411,test,141,814,955
2412,test,126,276,402
2413,test,177,1109,1286
2414,test,135,1316,1451
2415,test,129,312,441
2416,test,143,419,562
2417,test,119,665,784
2418,test,136,590,726
2419,test,127,467,594
2420,test,163,705,868
2421,test,118,229,347
2422,test,153,759,912
2423,test,158,1205,1363
2424,test,178,634,812
2425,test,163,1130,1293
2426,test,132,898,1030
2427,test,151,1077,1228
2428,test,152,439,591
2429,test,141,456,597
2430,test,134,293,427
2431,test,144,471,615
2432,test,139,526,665
2433,test,135,621,756
2434,test,117,710,827
2435,test,131,1148,1279
2436,test,159,379,538
2437,test,141,1264,1405
2438,test,130,390,520
2439,test,144,719,863
2440,test,145,324,469
2441,test,131,560,691
2442,test,129,313,442
2443,test,174,418,592
2444,test,134,310,444
2445,test,156,560,716
2446,test,184,646,830
2447,test,139,413,552
2448,test,179,1216,1395
2449,test,130,681,811
2450,test,155,776,931
2451,test,152,420,572
2452,test,127,298,425
2453,test,141,420,561
2454,test,144,420,564
2455,test,144,383,527
2456,test,148,768,916
2457,test,168,525,693
2458,test,144,408,552
2459,test,158,544,702
2460,test,147,919,1066
2461,test,152,476,628
2462,test,150,444,594
2463,test,132,476,608
2464,test,136,276,412
2465,test,164,903,1067
2466,test,238,3414,3652
2467,test,166,499,665
2468,test,121,239,360
2469,test,146,2238,2384
2470,test,153,776,929
2471,test,126,273,399
2472,test,136,349,485
2473,test,176,496,672
2474,test,163,425,588
2475,test,142,410,552
2476,test,148,344,492
2477,test,127,280,407
2478,test,127,453,580
2479,test,134,355,489
2480,test,165,6856,7021
2481,test,125,283,408
2482,test,117,495,612
2483,test,166,437,603
2484,test,165,660,825
2485,test,197,1426,1623
2486,test,132,724,856
2487,test,108,1229,1337
2488,test,186,429,615
2489,test,172,669,841
2490,test,126,749,875
2491,test,141,620,761
2492,test,139,350,489
2493,test,156,330,486
2494,test,133,372,505
2495,test,134,635,769
2496,test,131,845,976
2497,test,177,442,619
2498,test,139,319,458
2499,test,126,407,533
2500,test,150,1422,1572
2501,test,165,1973,2138
2502,test,118,328,446
2503,test,154,942,1096
2504,test,159,592,751
2505,test,249,700,949
2506,test,312,3576,3888
2507,test,126,625,751
2508,test,140,421,561
2509,test,123,440,563
2510,test,118,758,876
2511,test,110,450,560
2512,test,149,235,384
2513,test,136,657,793
2514,test,130,438,568
2515,test,143,529,672
2516,test,121,253,374
2517,test,141,426,567
2518,test,132,816,948
2519,test,138,2238,2376
2520,test,175,2860,3035
2521,test,153,892,1045
2522,test,141,382,523
2523,test,142,1426,1568
2524,test,116,358,474
2525,test,166,424,590
2526,test,127,457,584
2527,test,153,2009,2162
2528,test,155,673,828
2529,test,130,239,369
2530,test,141,461,602
2531,test,160,326,486
2532,test,138,773,911
2533,test,130,424,554
2534,test,225,1951,2176
2535,test,140,679,819
2536,test,143,505,648
2537,test,118,764,882
2538,test,117,591,708
2539,test,134,385,519
2540,test,129,458,587
2541,test,137,458,595
2542,test,164,568,732
2543,test,150,643,793
2544,test,127,608,735
2545,test,131,545,676
2546,test,143,450,593
2547,test,158,566,724
2548,test,130,458,588
2549,test,124,3332,3456
2550,test,145,1117,1262
2551,test,136,510,646
2552,test,139,460,599
2553,test,122,277,399
2554,test,135,2102,2237
2555,test,134,394,528
2556,test,140,366,506
2557,test,152,4678,4830
2558,test,123,353,476
2559,test,158,507,665
2560,test,155,549,704
2561,test,141,483,624
2562,test,183,475,658
2563,test,140,296,436
2564,test,137,479,616
2565,test,144,347,491
2566,test,127,353,480
2567,test,129,535,664
2568,test,149,630,779
2569,test,143,8086,8229
2570,test,142,416,558
2571,test,138,389,527
2572,test,158,369,527
2573,test,129,239,368
2574,test,132,333,465
2575,test,137,477,614
2576,test,132,483,615
2577,test,163,379,542
2578,test,147,1128,1275
2579,test,156,484,640
2580,test,136,833,969
2581,test,180,608,788
2582,test,125,598,723
2583,test,123,324,447
2584,test,123,475,598
2585,test,158,895,1053
2586,test,115,2204,2319
2587,test,117,280,397
2588,test,172,495,667
2589,test,135,294,429
2590,test,171,418,589
2591,test,122,3165,3287
2592,test,138,526,664
2593,test,124,1773,1897
2594,test,153,638,791
2595,test,144,568,712
2596,test,138,420,558
2597,test,142,329,471
2598,test,136,355,491
2599,test,140,862,1002
2600,test,147,526,673
2601,test,125,433,558
2602,test,174,3085,3259
2603,test,140,1186,1326
2604,test,133,1293,1426
2605,test,159,687,846
2606,test,145,999,1144
2607,test,125,1059,1184
2608,test,125,400,525
2609,test,137,336,473
2610,test,132,446,578
2611,test,127,1094,1221
2612,test,152,309,461
2613,test,134,532,666
2614,test,142,330,472
2615,test,163,5817,5980
2616,test,154,375,529
2617,test,159,1043,1202
2618,test,128,238,366
2619,test,112,475,587
2620,test,155,530,685
2621,test,135,6683,6818
2622,test,151,336,487
2623,test,140,342,482
2624,test,133,309,442
2625,test,162,495,657
2626,test,151,383,534
2627,test,159,800,959
2628,test,159,333,492
2629,test,127,528,655
2630,test,178,636,814
2631,test,124,282,406
2632,test,129,452,581
2633,test,146,451,597
2634,test,142,528,670
2635,test,165,5887,6052
2636,test,166,361,527
2637,test,152,552,704
2638,test,144,573,717
2639,test,150,420,570
2640,test,186,277,463
2641,test,137,346,483
2642,test,123,432,555
2643,test,133,1072,1205
2644,test,154,371,525
2645,test,147,515,662
2646,test,134,190,324
2647,test,172,2136,2308
2648,test,159,536,695
2649,test,148,433,581
2650,test,173,1099,1272
2651,test,152,593,745
2652,test,126,619,745
2653,test,130,514,644
2654,test,119,325,444
2655,test,143,569,712
2656,test,117,387,504
2657,test,133,2695,2828
2658,test,188,823,1011
2659,test,125,532,657
2660,test,146,439,585
2661,test,149,1763,1912
2662,test,137,541,678
2663,test,150,1346,1496
2664,test,177,4880,5057
2665,test,242,614,856
2666,test,161,548,709
2667,test,160,472,632
2668,test,124,648,772
2669,test,142,407,549
2670,test,153,341,494
2671,test,129,325,454
2672,test,170,1472,1642
2673,test,148,3560,3708
2674,test,172,520,692
2675,test,140,728,868
2676,test,131,390,521
2677,test,138,919,1057
2678,test,168,425,593
2679,test,140,241,381
2680,test,167,461,628
2681,test,111,1614,1725
2682,test,138,320,458
2683,test,147,427,574
2684,test,147,995,1142
2685,test,134,426,560
2686,test,121,387,508
2687,test,135,388,523
2688,test,115,227,342
2689,test,148,473,621
2690,test,171,1501,1672
2691,test,138,593,731
2692,test,124,437,561
2693,test,149,551,700
2694,test,134,407,541
2695,test,120,265,385
2696,test,145,2109,2254
2697,test,124,1015,1139
2698,test,165,386,551
2699,test,132,3264,3396
2700,test,153,489,642
2701,test,147,355,502
2702,test,118,327,445
2703,test,123,424,547
2704,test,183,2033,2216
2705,test,142,312,454
2706,test,140,323,463
2707,test,145,721,866
2708,test,145,485,630
2709,test,129,681,810
2710,test,147,431,578
2711,test,153,1504,1657
2712,test,183,1045,1228
2713,test,138,441,579
2714,test,133,285,418
2715,test,168,1821,1989
2716,test,128,827,955
2717,test,122,264,386
2718,test,134,469,603
2719,test,138,331,469
2720,test,166,675,841
2721,test,124,296,420
2722,test,135,484,619
2723,test,152,587,739
2724,test,128,345,473
2725,test,120,304,424
2726,test,157,1233,1390
2727,test,199,778,977
2728,test,111,293,404
2729,test,212,516,728
2730,test,127,441,568
2731,test,132,504,636
2732,test,141,508,649
2733,test,111,335,446
2734,test,133,261,394
2735,test,133,865,998
2736,test,122,373,495
2737,test,164,775,939
2738,test,133,471,604
2739,test,142,967,1109
2740,test,164,942,1106
2741,test,199,446,645
2742,test,145,2090,2235
2743,test,131,339,470
2744,test,123,955,1078
2745,test,165,1457,1622
2746,test,258,989,1247
2747,test,120,543,663
2748,test,144,1657,1801
2749,test,159,636,795
2750,test,175,310,485
2751,test,116,1593,1709
2752,test,149,1123,1272
2753,test,154,748,902
2754,test,149,434,583
2755,test,118,348,466
2756,test,160,453,613
2757,test,133,477,610
2758,test,123,433,556
2759,test,125,1006,1131
2760,test,149,444,593
2761,test,132,272,404
2762,test,165,518,683
2763,test,183,641,824
2764,test,151,948,1099
2765,test,129,705,834
2766,test,161,1026,1187
2767,test,219,1754,1973
2768,test,146,299,445
2769,test,166,540,706
2770,test,130,519,649
2771,test,121,1057,1178
2772,test,203,674,877
2773,test,142,484,626
2774,test,124,503,627
2775,test,160,357,517
2776,test,142,646,788
2777,test,159,693,852
2778,test,141,321,462
2779,test,130,1613,1743
2780,test,180,555,735
2781,test,123,985,1108
2782,test,133,1166,1299
2783,test,130,280,410
2784,test,151,1393,1544
2785,test,146,1782,1928
2786,test,177,540,717
2787,test,137,624,761
2788,test,142,1436,1578
2789,test,127,365,492
2790,test,130,1226,1356
2791,test,154,1538,1692
2792,test,166,508,674
2793,test,133,432,565
2794,test,179,839,1018
2795,test,137,959,1096
2796,test,166,5279,5445
2797,test,140,376,516
2798,test,125,494,619
2799,test,130,323,453
2800,test,148,485,633
2801,test,150,1919,2069
2802,test,168,573,741
2803,test,218,424,642
2804,test,146,272,418
2805,test,127,512,639
2806,test,160,1829,1989
2807,test,132,710,842
2808,test,126,322,448
2809,test,167,399,566
2810,test,130,365,495
2811,test,135,463,598
2812,test,142,353,495
2813,test,125,716,841
2814,test,151,385,536
2815,test,148,634,782
2816,test,159,611,770
2817,test,123,677,800
2818,test,127,765,892
2819,test,137,371,508
2820,test,148,397,545
2821,test,184,491,675
2822,test,117,1526,1643
2823,test,128,358,486
2824,test,149,516,665
2825,test,118,1330,1448
2826,test,144,406,550
2827,test,124,367,491
2828,test,173,1535,1708
2829,test,138,616,754
2830,test,125,345,470
2831,test,161,479,640
2832,test,137,977,1114
2833,test,126,257,383
2834,test,147,375,522
2835,test,143,301,444
2836,test,145,379,524
2837,test,124,517,641
2838,test,144,378,522
2839,test,175,823,998
2840,test,127,373,500
2841,test,181,3200,3381
2842,test,178,724,902
2843,test,207,636,843
2844,test,165,572,737
2845,test,130,407,537
2846,test,142,930,1072
2847,test,131,214,345
2848,test,138,355,493
2849,test,144,1246,1390
2850,test,185,398,583
2851,test,199,404,603
2852,test,132,1208,1340
2853,test,140,338,478
2854,test,140,1150,1290
2855,test,125,333,458
2856,test,172,549,721
2857,test,159,451,610
2858,test,136,1222,1358
2859,test,142,501,643
2860,test,157,904,1061
2861,test,144,366,510
2862,test,135,830,965
2863,test,130,361,491
2864,test,158,489,647
2865,test,154,630,784
2866,test,132,346,478
2867,test,154,618,772
2868,test,150,400,550
2869,test,129,257,386
2870,test,140,964,1104
2871,test,128,537,665
2872,test,137,437,574
2873,test,154,502,656
2874,test,143,324,467
2875,test,141,1036,1177
2876,test,125,641,766
2877,test,155,819,974
2878,test,150,3191,3341
2879,test,162,632,794
2880,test,124,318,442
2881,test,130,2405,2535
2882,test,137,429,566
2883,test,137,322,459
2884,test,129,731,860
2885,test,140,452,592
2886,test,143,442,585
2887,test,141,1439,1580
2888,test,191,767,958
2889,test,143,513,656
2890,test,127,857,984
2891,test,144,399,543
2892,test,191,1468,1659
2893,test,163,967,1130
2894,test,130,798,928
2895,test,149,449,598
2896,test,127,209,336
2897,test,153,1134,1287
2898,test,137,1671,1808
2899,test,143,349,492
2900,test,198,1251,1449
2901,test,119,549,668
2902,test,128,447,575
2903,test,136,345,481
2904,test,127,320,447
2905,test,129,1012,1141
2906,test,175,6686,6861
2907,test,301,741,1042
2908,test,117,504,621
2909,test,122,322,444
2910,test,188,605,793
2911,test,160,772,932
2912,test,133,2919,3052
2913,test,141,2318,2459
2914,test,137,471,608
2915,test,169,386,555
2916,test,141,612,753
2917,test,155,640,795
2918,test,156,399,555
2919,test,133,5442,5575
2920,test,127,525,652
2921,test,141,441,582
2922,test,137,586,723
2923,test,124,275,399
2924,test,128,1799,1927
2925,test,203,440,643
2926,test,181,788,969
2927,test,161,586,747
2928,test,142,684,826
2929,test,122,2200,2322
2930,test,132,490,622
2931,test,139,3159,3298
2932,test,127,405,532
2933,test,141,524,665
2934,test,130,1749,1879
2935,test,129,729,858
2936,test,137,422,559
2937,test,115,331,446
2938,test,130,2251,2381
2939,test,164,1474,1638
2940,test,124,546,670
2941,test,157,3054,3211
2942,test,116,390,506
2943,test,123,507,630
2944,test,141,345,486
2945,test,143,471,614
2946,test,121,695,816
2947,test,133,945,1078
2948,test,143,556,699
2949,test,206,1542,1748
2950,test,134,2525,2659
2951,test,147,852,999
2952,test,126,764,890
2953,test,154,387,541
2954,test,176,728,904
2955,test,150,1070,1220
2956,test,165,4087,4252
2957,test,198,692,890
2958,test,168,1873,2041
2959,test,130,610,740
2960,test,110,585,695
2961,test,153,246,399
2962,test,144,423,567
2963,test,142,353,495
2964,test,131,273,404
2965,test,176,721,897
2966,test,129,338,467
2967,test,131,368,499
2968,test,193,463,656
2969,test,128,289,417
2970,test,135,531,666
2971,test,146,823,969
2972,test,142,458,600
2973,test,133,393,526
2974,test,135,462,597
2975,test,114,4023,4137
2976,test,123,219,342
2977,test,172,461,633
2978,test,140,3704,3844
2979,test,163,365,528
2980,test,190,582,772
2981,test,120,333,453
2982,test,135,295,430
2983,test,149,1100,1249
2984,test,161,1639,1800
2985,test,181,393,574
2986,test,134,765,899
2987,test,168,645,813
